
---pmed1.txt---
k: 5
radius: 162
centers: { 5, 84, 77, 16, 31 }
time: 3ms

---pmed2.txt---
k: 10
radius: 124
centers: { 71, 10, 28, 74, 46, 80, 100, 4, 59, 86 }
time: 2ms

---pmed3.txt---
k: 10
radius: 133
centers: { 73, 50, 19, 87, 22, 100, 83, 16, 41, 67 }
time: 2ms

---pmed4.txt---
k: 20
radius: 99
centers: { 77, 64, 5, 12, 51, 82, 41, 37, 85, 1, 93, 70, 95, 35, 25, 66, 18, 61, 53, 30 }
time: 3ms

---pmed5.txt---
k: 33
radius: 64
centers: { 90, 85, 37, 29, 70, 4, 100, 25, 42, 20, 73, 12, 95, 58, 82, 80, 26, 9, 92, 6, 39, 31, 98, 8, 76, 45, 21, 53, 75, 13, 91, 3, 54 }
time: 2ms

---pmed6.txt---
k: 5
radius: 99
centers: { 111, 42, 118, 65, 69 }
time: 28ms

---pmed7.txt---
k: 10
radius: 87
centers: { 181, 73, 16, 55, 165, 100, 176, 146, 52, 161 }
time: 28ms

---pmed8.txt---
k: 20
radius: 72
centers: { 159, 52, 193, 182, 46, 145, 173, 61, 200, 170, 157, 138, 19, 177, 27, 184, 6, 69, 164, 82 }
time: 28ms

---pmed9.txt---
k: 40
radius: 51
centers: { 12, 89, 200, 181, 166, 189, 55, 100, 58, 177, 4, 42, 73, 98, 24, 36, 60, 104, 87, 32, 48, 50, 28, 173, 192, 127, 139, 195, 13, 117, 9, 176, 79, 113, 6, 43, 1, 111, 84, 106 }
time: 28ms

---pmed10.txt---
k: 67
radius: 29
centers: { 95, 183, 144, 63, 135, 123, 193, 199, 43, 68, 148, 33, 65, 145, 186, 50, 176, 168, 180, 116, 133, 128, 42, 2, 26, 69, 156, 31, 97, 166, 5, 10, 149, 3, 197, 36, 73, 90, 152, 19, 81, 9, 44, 16, 76, 115, 184, 125, 170, 62, 117, 143, 4, 200, 136, 100, 107, 189, 192, 195, 196, 159, 161, 24, 132, 28, 46 }
time: 28ms

---pmed11.txt---
k: 5
radius: 72
centers: { 118, 249, 257, 151, 192 }
time: 99ms

---pmed12.txt---
k: 10
radius: 70
centers: { 117, 300, 67, 237, 227, 46, 63, 144, 147, 104 }
time: 99ms

---pmed13.txt---
k: 30
radius: 51
centers: { 97, 108, 130, 226, 22, 125, 244, 40, 83, 202, 173, 45, 76, 259, 291, 120, 169, 192, 263, 300, 111, 190, 16, 37, 215, 200, 203, 245, 82, 185 }
time: 100ms

---pmed14.txt---
k: 60
radius: 39
centers: { 240, 61, 22, 111, 121, 115, 23, 90, 176, 300, 6, 293, 296, 45, 213, 36, 275, 104, 138, 44, 162, 205, 259, 94, 122, 211, 99, 106, 283, 177, 248, 31, 81, 290, 88, 262, 43, 155, 59, 3, 7, 198, 85, 206, 52, 28, 114, 17, 150, 209, 267, 289, 89, 220, 291, 142, 153, 182, 269, 238 }
time: 100ms

---pmed15.txt---
k: 100
radius: 25
centers: { 266, 141, 241, 18, 168, 215, 157, 4, 189, 296, 138, 6, 220, 202, 246, 256, 243, 90, 126, 275, 46, 66, 187, 209, 228, 236, 142, 48, 135, 24, 56, 300, 195, 244, 164, 47, 71, 105, 116, 53, 146, 149, 213, 247, 248, 117, 221, 227, 65, 83, 192, 37, 22, 104, 114, 38, 108, 109, 166, 78, 100, 158, 33, 153, 178, 180, 274, 177, 85, 191, 31, 79, 63, 76, 200, 5, 128, 9, 106, 129, 173, 223, 249, 284, 67, 74, 224, 258, 80, 139, 179, 252, 39, 52, 91, 156, 198, 27, 34, 131 }
time: 100ms

---pmed16.txt---
k: 5
radius: 55
centers: { 202, 291, 249, 58, 138 }
time: 246ms

---pmed17.txt---
k: 10
radius: 51
centers: { 36, 306, 308, 124, 162, 349, 112, 140, 150, 41 }
time: 246ms

---pmed18.txt---
k: 40
radius: 41
centers: { 282, 245, 264, 302, 400, 224, 365, 367, 69, 10, 100, 308, 90, 136, 255, 299, 375, 80, 145, 62, 346, 1, 150, 338, 394, 396, 209, 288, 398, 303, 29, 274, 329, 261, 361, 364, 239, 249, 5, 75 }
time: 239ms

---pmed19.txt---
k: 80
radius: 28
centers: { 362, 107, 39, 142, 266, 155, 349, 293, 346, 267, 10, 130, 368, 328, 87, 203, 216, 240, 33, 74, 330, 237, 239, 297, 139, 112, 179, 57, 305, 95, 190, 400, 27, 62, 77, 171, 352, 24, 187, 241, 247, 309, 365, 37, 152, 195, 235, 370, 7, 124, 201, 215, 224, 304, 1, 90, 160, 350, 51, 88, 129, 205, 206, 315, 348, 192, 229, 286, 41, 69, 145, 396, 19, 73, 84, 264, 13, 146, 322, 366 }
time: 239ms

---pmed20.txt---
k: 133
radius: 19
centers: { 225, 364, 102, 90, 247, 142, 390, 338, 83, 206, 31, 168, 264, 79, 276, 329, 376, 400, 73, 87, 367, 397, 177, 271, 69, 77, 98, 207, 268, 348, 380, 106, 11, 188, 244, 183, 53, 64, 109, 301, 298, 388, 47, 374, 236, 51, 137, 220, 146, 22, 70, 132, 122, 239, 246, 273, 257, 378, 14, 26, 213, 300, 2, 7, 65, 192, 333, 341, 363, 381, 3, 80, 138, 319, 371, 5, 52, 75, 76, 120, 139, 210, 234, 349, 265, 318, 108, 10, 15, 29, 184, 284, 389, 19, 24, 38, 175, 256, 41, 81, 91, 117, 171, 203, 302, 352, 360, 43, 56, 125, 240, 249, 61, 103, 118, 143, 242, 272, 346, 394, 36, 48, 158, 160, 162, 211, 368, 50, 169, 201, 250, 270, 337 }
time: 238ms

---pmed21.txt---
k: 5
radius: 51
centers: { 125, 247, 160, 455, 500 }
time: 476ms

---pmed22.txt---
k: 10
radius: 53
centers: { 347, 380, 460, 481, 440, 152, 224, 22, 114, 394 }
time: 527ms

---pmed23.txt---
k: 50
radius: 33
centers: { 375, 64, 39, 92, 154, 158, 10, 312, 362, 398, 30, 183, 7, 166, 309, 348, 46, 308, 201, 70, 214, 260, 63, 113, 448, 187, 256, 269, 332, 489, 61, 141, 301, 15, 25, 471, 125, 179, 37, 59, 200, 246, 316, 485, 281, 363, 436, 86, 240, 277 }
time: 476ms

---pmed24.txt---
k: 100
radius: 23
centers: { 326, 500, 254, 4, 45, 439, 269, 425, 196, 497, 65, 207, 37, 368, 378, 125, 264, 173, 267, 313, 172, 359, 394, 44, 121, 85, 164, 205, 247, 46, 416, 33, 92, 307, 317, 362, 148, 163, 332, 482, 178, 396, 481, 41, 58, 338, 82, 106, 391, 26, 291, 427, 157, 405, 419, 186, 215, 261, 312, 480, 74, 342, 475, 96, 227, 11, 201, 298, 305, 352, 453, 17, 29, 61, 89, 134, 170, 255, 260, 495, 158, 198, 248, 285, 392, 118, 124, 155, 296, 66, 71, 120, 123, 301, 369, 415, 424, 10, 18, 176 }
time: 478ms

---pmed25.txt---
k: 167
radius: 15
centers: { 36, 500, 143, 458, 140, 12, 97, 225, 367, 363, 241, 123, 183, 422, 19, 224, 3, 116, 212, 495, 152, 262, 436, 82, 287, 100, 117, 220, 425, 440, 92, 167, 181, 204, 277, 423, 432, 342, 446, 464, 130, 452, 27, 258, 326, 461, 267, 329, 1, 63, 76, 297, 365, 125, 146, 148, 67, 195, 238, 273, 366, 378, 394, 498, 450, 476, 494, 417, 453, 11, 42, 221, 302, 335, 348, 372, 457, 56, 105, 169, 261, 295, 309, 320, 383, 468, 497, 17, 124, 139, 184, 228, 281, 10, 112, 133, 164, 166, 189, 278, 300, 319, 357, 451, 66, 106, 107, 245, 294, 334, 347, 373, 385, 386, 84, 200, 254, 285, 299, 345, 94, 310, 9, 35, 54, 209, 400, 403, 408, 419, 4, 58, 65, 73, 83, 153, 230, 306, 351, 395, 486, 25, 28, 37, 40, 46, 61, 102, 173, 201, 239, 240, 305, 311, 349, 360, 14, 24, 69, 86, 132, 150, 171, 213, 249, 324, 396 }
time: 476ms

---pmed26.txt---
k: 5
radius: 47
centers: { 304, 25, 445, 463, 213 }
time: 830ms

---pmed27.txt---
k: 10
radius: 42
centers: { 138, 600, 564, 552, 463, 407, 504, 529, 185, 253 }
time: 835ms

---pmed28.txt---
k: 60
radius: 28
centers: { 1, 600, 50, 463, 268, 14, 553, 18, 519, 175, 368, 529, 579, 329, 310, 362, 574, 67, 87, 399, 472, 524, 35, 186, 256, 413, 427, 460, 523, 25, 32, 43, 232, 244, 247, 303, 470, 210, 234, 398, 462, 191, 533, 38, 106, 111, 291, 120, 159, 290, 366, 509, 168, 573, 5, 173, 193, 258, 407, 587 }
time: 834ms

---pmed29.txt---
k: 120
radius: 19
centers: { 495, 263, 258, 563, 600, 50, 359, 289, 360, 328, 64, 112, 114, 179, 519, 175, 257, 268, 451, 569, 245, 473, 476, 116, 232, 256, 405, 22, 28, 177, 582, 16, 418, 464, 11, 133, 273, 325, 438, 238, 389, 431, 515, 422, 68, 119, 154, 200, 383, 410, 413, 499, 264, 415, 572, 577, 20, 250, 267, 401, 562, 78, 489, 210, 269, 275, 286, 450, 462, 511, 4, 106, 132, 399, 414, 532, 161, 215, 349, 350, 411, 494, 111, 221, 303, 378, 436, 516, 535, 554, 32, 39, 73, 85, 209, 283, 287, 327, 365, 397, 434, 596, 598, 26, 55, 65, 127, 288, 353, 82, 83, 260, 293, 343, 355, 493, 501, 550, 62, 117 }
time: 837ms

---pmed30.txt---
k: 200
radius: 14
centers: { 578, 456, 459, 507, 236, 192, 186, 407, 582, 596, 136, 487, 19, 406, 150, 515, 70, 180, 600, 318, 137, 153, 155, 559, 7, 42, 116, 21, 239, 178, 249, 256, 534, 304, 394, 420, 508, 33, 336, 198, 231, 418, 161, 183, 215, 252, 357, 546, 187, 290, 590, 104, 197, 306, 386, 452, 80, 126, 206, 473, 226, 297, 497, 75, 111, 339, 147, 208, 274, 293, 300, 347, 374, 457, 466, 569, 305, 450, 555, 66, 158, 165, 212, 401, 31, 97, 146, 288, 324, 358, 524, 532, 583, 35, 37, 88, 144, 168, 280, 334, 354, 400, 557, 164, 190, 307, 441, 462, 8, 28, 84, 328, 332, 172, 243, 351, 373, 425, 482, 495, 505, 527, 548, 563, 54, 96, 237, 263, 272, 316, 410, 458, 464, 511, 586, 23, 113, 115, 129, 199, 311, 361, 398, 416, 521, 108, 109, 179, 353, 370, 378, 480, 516, 523, 595, 18, 86, 91, 127, 135, 142, 160, 188, 207, 234, 275, 449, 460, 573, 72, 73, 78, 79, 151, 202, 331, 344, 379, 421, 443, 474, 488, 584, 34, 36, 39, 118, 134, 176, 240, 261, 301, 302, 350, 363, 375, 387, 397, 478, 504 }
time: 836ms

---pmed31.txt---
k: 5
radius: 38
centers: { 123, 275, 364, 575, 79 }
time: 1348ms

---pmed32.txt---
k: 10
radius: 43
centers: { 699, 700, 135, 54, 197, 620, 490, 437, 562, 205 }
time: 1336ms

---pmed33.txt---
k: 70
radius: 25
centers: { 390, 599, 680, 700, 565, 273, 425, 455, 525, 473, 647, 51, 252, 62, 183, 199, 339, 463, 656, 69, 212, 213, 293, 343, 610, 13, 243, 499, 527, 310, 449, 451, 139, 227, 282, 414, 84, 513, 26, 220, 353, 430, 622, 654, 77, 175, 207, 372, 63, 124, 304, 101, 114, 190, 457, 464, 570, 206, 292, 388, 391, 456, 492, 508, 612, 638, 112, 496, 598, 607 }
time: 1347ms

---pmed34.txt---
k: 140
radius: 17
centers: { 191, 324, 476, 700, 38, 338, 174, 310, 255, 519, 373, 682, 315, 363, 2, 370, 470, 196, 319, 664, 193, 642, 52, 238, 354, 181, 425, 162, 195, 360, 433, 449, 565, 23, 104, 252, 330, 158, 276, 678, 696, 258, 336, 471, 237, 539, 15, 135, 654, 48, 49, 118, 263, 515, 534, 143, 386, 509, 30, 93, 128, 650, 26, 31, 125, 169, 303, 415, 479, 105, 369, 477, 623, 106, 121, 168, 204, 295, 409, 463, 512, 585, 608, 621, 90, 163, 201, 261, 313, 579, 637, 5, 43, 122, 265, 307, 414, 419, 525, 592, 670, 677, 16, 32, 92, 281, 361, 372, 422, 491, 595, 648, 41, 72, 483, 514, 517, 532, 536, 591, 6, 61, 77, 298, 304, 382, 403, 447, 554, 657, 667, 78, 132, 147, 165, 210, 222, 254, 322, 341 }
time: 1344ms

---pmed35.txt---
k: 5
radius: 37
centers: { 485, 320, 477, 757, 800 }
time: 2021ms

---pmed36.txt---
k: 10
radius: 41
centers: { 1, 395, 522, 81, 238, 312, 324, 800, 24, 207 }
time: 2015ms

---pmed37.txt---
k: 80
radius: 24
centers: { 272, 643, 702, 40, 81, 257, 215, 421, 206, 677, 143, 296, 207, 789, 122, 163, 509, 600, 609, 797, 31, 422, 622, 142, 199, 697, 259, 332, 611, 772, 779, 15, 60, 234, 254, 337, 385, 430, 558, 573, 741, 776, 146, 507, 624, 148, 185, 409, 612, 745, 42, 126, 136, 285, 649, 707, 120, 175, 237, 238, 318, 399, 515, 644, 773, 68, 166, 212, 574, 610, 756, 107, 156, 209, 334, 445, 452, 700, 733, 738 }
time: 2009ms

---pmed38.txt---
k: 5
radius: 38
centers: { 869, 239, 900, 20, 116 }
time: 2872ms

---pmed39.txt---
k: 10
radius: 35
centers: { 1, 900, 727, 20, 78, 24, 130, 252, 760, 159 }
time: 2897ms

---pmed40.txt---
k: 90
radius: 20
centers: { 653, 92, 56, 630, 784, 838, 378, 874, 492, 676, 364, 745, 819, 885, 128, 144, 232, 292, 210, 328, 461, 712, 112, 599, 648, 687, 900, 60, 81, 143, 474, 475, 586, 620, 736, 862, 96, 322, 428, 791, 795, 75, 126, 133, 289, 312, 489, 570, 815, 835, 70, 107, 314, 380, 417, 468, 646, 651, 699, 755, 95, 129, 166, 296, 464, 688, 707, 87, 137, 242, 370, 484, 503, 581, 724, 897, 5, 109, 114, 163, 194, 197, 211, 233, 240, 449, 513, 670, 802, 808 }
time: 2863ms
