
---pmed1.txt---
k: 5
radius: 133
centers: { 5, 13, 3, 90, 65 }
time: 4ms

---pmed2.txt---
k: 10
radius: 117
centers: { 71, 97, 78, 73, 22, 10, 2, 87, 1, 3 }
time: 3ms

---pmed3.txt---
k: 10
radius: 116
centers: { 73, 3, 88, 15, 52, 8, 21, 68, 24, 39 }
time: 3ms

---pmed4.txt---
k: 20
radius: 127
centers: { 77, 44, 63, 33, 8, 31, 34, 15, 94, 24, 2, 64, 38, 1, 3, 4, 5, 6, 7, 9 }
time: 3ms

---pmed5.txt---
k: 33
radius: 87
centers: { 90, 69, 1, 2, 3, 15, 27, 23, 11, 36, 52, 42, 57, 83, 5, 8, 84, 4, 6, 7, 9, 17, 10, 12, 13, 14, 16, 18, 19, 20, 21, 22, 24 }
time: 5ms

---pmed6.txt---
k: 5
radius: 94
centers: { 111, 15, 32, 9, 76 }
time: 28ms

---pmed7.txt---
k: 10
radius: 79
centers: { 181, 68, 95, 7, 18, 84, 1, 2, 28, 3 }
time: 29ms

---pmed8.txt---
k: 20
radius: 72
centers: { 159, 9, 49, 191, 67, 102, 45, 1, 130, 2, 3, 4, 119, 6, 161, 46, 51, 86, 5, 7 }
time: 31ms

---pmed9.txt---
k: 40
radius: 73
centers: { 12, 138, 21, 1, 18, 88, 3, 55, 69, 2, 47, 182, 6, 11, 4, 13, 125, 5, 7, 8, 9, 10, 14, 15, 16, 17, 19, 20, 22, 23, 24, 25, 26, 27, 28, 29, 30, 31, 32, 33 }
time: 41ms

---pmed10.txt---
k: 67
radius: 44
centers: { 95, 184, 169, 194, 15, 144, 2, 182, 1, 3, 4, 5, 6, 145, 183, 17, 12, 13, 47, 68, 7, 8, 9, 10, 11, 14, 198, 18, 23, 32, 63, 107, 33, 16, 19, 20, 21, 22, 24, 25, 26, 27, 134, 28, 29, 30, 31, 34, 35, 36, 37, 38, 39, 40, 41, 42, 43, 44, 45, 46, 48, 49, 50, 51, 52, 53, 54 }
time: 62ms

---pmed11.txt---
k: 5
radius: 67
centers: { 14, 68, 12, 1, 139 }
time: 100ms

---pmed12.txt---
k: 10
radius: 72
centers: { 117, 1, 143, 299, 4, 3, 2, 5, 6, 7 }
time: 104ms

---pmed13.txt---
k: 30
radius: 64
centers: { 97, 77, 168, 3, 1, 2, 4, 5, 6, 7, 8, 93, 9, 15, 10, 11, 12, 13, 14, 16, 17, 18, 19, 33, 20, 21, 22, 23, 24, 25 }
time: 117ms

---pmed14.txt---
k: 60
radius: 60
centers: { 187, 14, 60, 19, 20, 10, 63, 108, 1, 2, 3, 4, 18, 5, 6, 7, 8, 9, 11, 12, 13, 15, 16, 17, 21, 25, 35, 22, 23, 24, 26, 78, 51, 27, 28, 29, 30, 31, 32, 33, 34, 36, 37, 38, 39, 40, 41, 42, 43, 44, 45, 46, 47, 48, 49, 50, 52, 53, 54, 55 }
time: 166ms

---pmed15.txt---
k: 100
radius: 42
centers: { 266, 216, 88, 68, 1, 2, 3, 4, 5, 6, 7, 8, 9, 10, 11, 167, 12, 13, 14, 15, 16, 17, 18, 19, 20, 21, 22, 23, 27, 60, 120, 24, 25, 26, 28, 29, 30, 31, 32, 33, 34, 35, 36, 37, 38, 39, 40, 41, 42, 43, 50, 94, 73, 241, 177, 44, 45, 46, 47, 48, 49, 51, 52, 53, 54, 55, 56, 57, 58, 59, 61, 62, 63, 64, 65, 66, 67, 69, 70, 71, 72, 74, 75, 76, 77, 78, 79, 80, 81, 82, 83, 84, 85, 86, 87, 235, 148, 103, 89, 90 }
time: 264ms

---pmed16.txt---
k: 5
radius: 51
centers: { 202, 18, 201, 20, 132 }
time: 242ms

---pmed17.txt---
k: 10
radius: 50
centers: { 36, 31, 3, 1, 63, 2, 4, 5, 6, 7 }
time: 243ms

---pmed18.txt---
k: 40
radius: 50
centers: { 282, 6, 27, 231, 197, 1, 2, 3, 4, 5, 7, 8, 9, 10, 11, 12, 13, 14, 15, 16, 17, 238, 242, 321, 25, 18, 19, 20, 21, 22, 23, 24, 26, 28, 29, 30, 31, 32, 33, 34 }
time: 299ms

---pmed19.txt---
k: 80
radius: 40
centers: { 14, 9, 78, 10, 2, 96, 43, 31, 231, 8, 363, 1, 225, 3, 4, 5, 6, 7, 11, 12, 13, 15, 47, 40, 16, 17, 18, 19, 20, 21, 22, 23, 24, 25, 26, 27, 28, 29, 30, 32, 33, 34, 35, 36, 60, 38, 37, 39, 41, 42, 44, 45, 46, 48, 49, 50, 51, 52, 53, 54, 55, 56, 57, 58, 59, 61, 62, 63, 64, 65, 66, 67, 68, 69, 70, 71, 72, 73, 74, 75 }
time: 452ms

---pmed20.txt---
k: 133
radius: 32
centers: { 225, 35, 180, 1, 187, 16, 228, 2, 3, 232, 6, 4, 90, 5, 7, 8, 9, 10, 11, 12, 13, 14, 15, 17, 18, 19, 20, 21, 22, 23, 24, 25, 65, 52, 240, 26, 27, 28, 29, 30, 31, 32, 33, 34, 36, 37, 38, 39, 40, 41, 42, 43, 44, 45, 46, 47, 48, 49, 50, 51, 53, 54, 55, 56, 76, 280, 57, 58, 59, 60, 61, 62, 63, 64, 66, 67, 68, 69, 70, 71, 72, 118, 73, 74, 75, 77, 78, 79, 80, 81, 82, 83, 84, 85, 86, 87, 88, 89, 91, 115, 92, 93, 94, 95, 96, 97, 98, 99, 100, 101, 125, 102, 103, 104, 247, 105, 106, 107, 108, 109, 110, 111, 112, 113, 114, 116, 117, 119, 120, 121, 122, 123, 124 }
time: 795ms

---pmed21.txt---
k: 5
radius: 48
centers: { 125, 189, 25, 40, 1 }
time: 477ms

---pmed22.txt---
k: 10
radius: 49
centers: { 331, 197, 1, 460, 320, 303, 4, 2, 3, 5 }
time: 480ms

---pmed23.txt---
k: 50
radius: 41
centers: { 375, 142, 2, 6, 151, 1, 3, 107, 4, 5, 7, 8, 9, 10, 11, 12, 13, 28, 29, 47, 14, 15, 16, 17, 18, 19, 20, 21, 22, 23, 24, 25, 26, 27, 30, 31, 32, 33, 34, 35, 36, 37, 38, 39, 40, 41, 42, 43, 44, 45 }
time: 616ms

---pmed24.txt---
k: 100
radius: 35
centers: { 326, 86, 145, 450, 30, 113, 1, 2, 3, 4, 5, 6, 7, 8, 9, 219, 10, 11, 12, 13, 14, 15, 16, 17, 18, 19, 20, 21, 64, 22, 23, 24, 25, 26, 27, 28, 29, 31, 32, 33, 34, 35, 36, 37, 38, 39, 40, 41, 42, 43, 44, 45, 46, 47, 48, 49, 50, 137, 102, 51, 52, 53, 54, 55, 56, 57, 58, 59, 60, 61, 62, 63, 65, 66, 67, 68, 69, 70, 71, 72, 73, 74, 75, 76, 77, 78, 79, 80, 81, 82, 83, 84, 85, 87, 88, 89, 90, 91, 92, 93 }
time: 984ms

---pmed25.txt---
k: 167
radius: 27
centers: { 36, 286, 407, 20, 1, 2, 3, 4, 5, 6, 7, 8, 9, 10, 11, 12, 13, 14, 15, 16, 17, 18, 19, 21, 22, 23, 24, 25, 26, 52, 108, 180, 29, 143, 49, 27, 28, 30, 31, 32, 33, 34, 35, 37, 38, 39, 40, 41, 42, 43, 44, 45, 46, 47, 48, 50, 51, 53, 54, 55, 56, 57, 58, 59, 60, 61, 62, 63, 64, 65, 66, 67, 68, 69, 70, 71, 72, 73, 74, 75, 76, 77, 78, 79, 80, 81, 82, 83, 84, 85, 86, 87, 88, 89, 90, 91, 92, 93, 94, 95, 96, 97, 500, 140, 107, 102, 98, 99, 100, 101, 103, 104, 105, 106, 109, 110, 291, 111, 112, 113, 114, 119, 115, 116, 117, 118, 120, 121, 122, 123, 124, 125, 126, 127, 128, 129, 130, 131, 132, 133, 134, 135, 136, 137, 138, 139, 165, 141, 142, 144, 145, 146, 147, 148, 149, 150, 151, 152, 153, 154, 155, 156, 157, 158, 159, 160, 161 }
time: 1965ms

---pmed26.txt---
k: 5
radius: 43
centers: { 304, 297, 238, 21, 387 }
time: 867ms

---pmed27.txt---
k: 10
radius: 39
centers: { 138, 289, 16, 1, 541, 2, 3, 4, 75, 11 }
time: 862ms

---pmed28.txt---
k: 60
radius: 33
centers: { 1, 600, 325, 16, 2, 3, 4, 5, 6, 7, 70, 164, 46, 8, 9, 101, 583, 38, 10, 11, 12, 13, 14, 15, 96, 17, 18, 19, 20, 21, 22, 23, 24, 25, 26, 27, 28, 29, 30, 31, 32, 33, 34, 35, 36, 37, 39, 40, 41, 42, 43, 44, 45, 47, 48, 49, 50, 97, 463, 51 }
time: 1136ms

---pmed29.txt---
k: 120
radius: 36
centers: { 163, 1, 94, 2, 3, 4, 5, 6, 7, 8, 9, 10, 11, 12, 13, 14, 15, 16, 17, 18, 19, 20, 21, 41, 24, 22, 23, 25, 26, 27, 28, 29, 30, 31, 32, 33, 34, 35, 36, 37, 38, 39, 40, 42, 43, 44, 45, 46, 47, 48, 49, 50, 51, 52, 53, 54, 55, 56, 57, 58, 59, 60, 61, 62, 63, 64, 65, 66, 67, 68, 69, 70, 71, 72, 73, 74, 75, 76, 77, 78, 79, 80, 81, 82, 83, 84, 85, 86, 87, 88, 89, 90, 91, 92, 93, 95, 96, 97, 98, 99, 100, 101, 102, 103, 104, 105, 106, 107, 108, 109, 110, 111, 112, 113, 114, 115, 116, 117, 118, 119 }
time: 2012ms

---pmed30.txt---
k: 200
radius: 29
centers: { 578, 157, 41, 1, 2, 3, 4, 5, 6, 7, 8, 9, 10, 11, 12, 13, 14, 15, 16, 17, 18, 19, 20, 155, 21, 22, 23, 24, 25, 26, 27, 28, 29, 30, 31, 32, 33, 34, 35, 36, 37, 38, 39, 40, 318, 42, 43, 44, 45, 46, 47, 48, 49, 507, 107, 83, 50, 51, 52, 53, 54, 55, 56, 57, 58, 59, 60, 61, 62, 63, 64, 65, 66, 67, 68, 69, 70, 71, 72, 233, 132, 73, 74, 75, 76, 77, 78, 79, 80, 81, 82, 84, 85, 86, 87, 88, 89, 90, 91, 92, 93, 94, 95, 96, 97, 175, 98, 99, 100, 101, 102, 103, 104, 105, 106, 108, 109, 110, 111, 112, 113, 114, 115, 116, 117, 118, 119, 120, 121, 122, 123, 124, 125, 126, 127, 128, 129, 130, 131, 133, 134, 135, 136, 137, 138, 139, 140, 141, 142, 143, 144, 145, 146, 147, 148, 149, 150, 151, 273, 152, 153, 154, 156, 158, 159, 160, 161, 162, 163, 164, 165, 166, 167, 168, 169, 170, 171, 172, 173, 174, 176, 177, 178, 179, 180, 181, 182, 183, 184, 185, 186, 187, 188, 189, 190, 191, 192, 193, 194, 195 }
time: 4270ms

---pmed31.txt---
k: 5
radius: 34
centers: { 123, 45, 2, 152, 141 }
time: 1343ms

---pmed32.txt---
k: 10
radius: 35
centers: { 699, 700, 236, 15, 45, 2, 148, 7, 1, 3 }
time: 1346ms

---pmed33.txt---
k: 70
radius: 26
centers: { 16, 687, 1, 2, 3, 4, 5, 6, 7, 8, 9, 10, 11, 12, 13, 14, 15, 17, 18, 19, 20, 21, 22, 23, 24, 144, 44, 25, 293, 26, 27, 28, 29, 30, 31, 32, 33, 34, 35, 36, 37, 38, 39, 40, 145, 54, 308, 41, 42, 43, 45, 46, 47, 48, 60, 49, 50, 51, 52, 53, 55, 56, 57, 58, 59, 61, 62, 63, 64, 65 }
time: 1872ms

---pmed34.txt---
k: 140
radius: 30
centers: { 191, 4, 1, 306, 29, 21, 2, 3, 5, 6, 7, 8, 9, 10, 11, 12, 13, 14, 15, 16, 17, 18, 19, 20, 22, 23, 700, 24, 25, 26, 27, 28, 30, 31, 223, 541, 507, 32, 33, 34, 35, 36, 37, 38, 39, 40, 41, 42, 43, 44, 45, 46, 47, 48, 49, 50, 51, 52, 53, 54, 55, 56, 57, 58, 59, 60, 61, 62, 63, 64, 65, 66, 67, 68, 69, 70, 71, 72, 73, 74, 75, 76, 77, 78, 79, 80, 81, 82, 107, 174, 83, 84, 85, 86, 87, 88, 89, 90, 91, 92, 93, 94, 95, 96, 97, 98, 99, 100, 101, 102, 103, 104, 105, 106, 108, 109, 110, 111, 112, 113, 114, 115, 116, 117, 118, 119, 120, 121, 122, 123, 124, 125, 126, 127, 128, 129, 130, 131, 132, 133 }
time: 3780ms

---pmed35.txt---
k: 5
radius: 32
centers: { 485, 667, 1, 604, 155 }
time: 2058ms

---pmed36.txt---
k: 10
radius: 34
centers: { 1, 17, 2, 3, 4, 5, 800, 583, 6, 7 }
time: 2083ms

---pmed37.txt---
k: 80
radius: 26
centers: { 272, 11, 1, 2, 3, 4, 5, 40, 79, 22, 70, 6, 7, 8, 313, 9, 10, 12, 13, 14, 15, 16, 17, 18, 19, 20, 21, 23, 24, 25, 26, 459, 27, 28, 29, 30, 31, 32, 33, 95, 34, 35, 36, 37, 38, 39, 41, 42, 43, 44, 45, 46, 47, 48, 49, 50, 51, 52, 53, 54, 55, 56, 57, 58, 698, 112, 59, 60, 61, 62, 63, 64, 65, 66, 67, 68, 69, 71, 72, 73 }
time: 3037ms

---pmed38.txt---
k: 5
radius: 35
centers: { 869, 1, 899, 900, 244 }
time: 2930ms

---pmed39.txt---
k: 10
radius: 28
centers: { 1, 900, 61, 778, 421, 2, 3, 4, 5, 6 }
time: 2954ms

---pmed40.txt---
k: 90
radius: 22
centers: { 653, 2, 271, 1, 3, 25, 4, 5, 6, 7, 8, 9, 10, 11, 12, 13, 14, 189, 93, 15, 16, 17, 18, 19, 20, 21, 22, 23, 24, 26, 27, 28, 29, 30, 31, 32, 33, 34, 35, 36, 37, 38, 39, 40, 41, 42, 43, 44, 45, 46, 47, 48, 49, 50, 51, 52, 53, 54, 55, 56, 57, 58, 59, 60, 61, 62, 63, 64, 65, 66, 67, 68, 69, 70, 71, 72, 73, 74, 75, 76, 77, 78, 630, 92, 83, 79, 80, 81, 82, 171 }
time: 4595ms
